[gd_scene format=3 uid="uid://dlpiduo5klp6o"]

[ext_resource type="Script" uid="uid://hqfqn6tmc6hs" path="res://Scripts/main_level.gd" id="1_upo7m"]
[ext_resource type="PackedScene" uid="uid://bk86aoqn68uru" path="res://Scenes/respawn_screen.tscn" id="2_a2ni8"]
[ext_resource type="PackedScene" uid="uid://nf2e13spbwas" path="res://Scenes/oubliette.tscn" id="2_ha38h"]
[ext_resource type="PackedScene" uid="uid://cpojmtkxmvcu1" path="res://Scenes/hud.tscn" id="2_ns21y"]
[ext_resource type="PackedScene" uid="uid://7h837y2b1pw0" path="res://Scenes/water_plane.tscn" id="3_3cvh8"]
[ext_resource type="PackedScene" uid="uid://c2trxe7cvpuce" path="res://Scenes/collectible_win_screen.tscn" id="3_a2ni8"]
[ext_resource type="PackedScene" uid="uid://1s7wuolsl15i" path="res://Scenes/side_wall.tscn" id="4_n8u0m"]
[ext_resource type="PackedScene" uid="uid://oxtllupxk4bo" path="res://Scenes/roof.tscn" id="5_66i6n"]
[ext_resource type="PackedScene" uid="uid://cqm1f7q41ubug" path="res://Scenes/wall_pillar.tscn" id="5_f7i5e"]
[ext_resource type="PackedScene" uid="uid://dfpkmu8qdbu4l" path="res://Scenes/roof_modified.tscn" id="6_3vtai"]
[ext_resource type="PackedScene" uid="uid://cmsy0ichub6c3" path="res://Scenes/arch.tscn" id="6_4p3mm"]
[ext_resource type="PackedScene" uid="uid://btvurkvmy7kf6" path="res://Scenes/vine.tscn" id="6_f7i5e"]
[ext_resource type="PackedScene" uid="uid://d1ew0qy5yf3wx" path="res://Scenes/wall_curved.tscn" id="6_vgdfs"]
[ext_resource type="PackedScene" uid="uid://cbi2vijx8awjr" path="res://Scenes/lilypad.tscn" id="7_tldnm"]
[ext_resource type="PackedScene" uid="uid://dixws230pxqm6" path="res://Scenes/floating_platform.tscn" id="8_khf8t"]
[ext_resource type="Material" uid="uid://wvvexayxdh5n" path="res://Resources/MAT_stone.tres" id="9_fvcit"]
[ext_resource type="PackedScene" uid="uid://bqibnr7ssaboy" path="res://Scenes/stairs_unit.tscn" id="10_qdi3s"]
[ext_resource type="PackedScene" uid="uid://8n1w1udf5a6t" path="res://Scenes/shelf_mushroom.tscn" id="11_1sn8i"]
[ext_resource type="PackedScene" uid="uid://i041otj2rcj6" path="res://Scenes/exit_door.tscn" id="11_jinqq"]
[ext_resource type="PackedScene" uid="uid://dp8l64keoupar" path="res://Scenes/player.tscn" id="11_vgdfs"]
[ext_resource type="PackedScene" uid="uid://cwkpaovf5gwpm" path="res://Scenes/coin.tscn" id="17_jinqq"]
[ext_resource type="PackedScene" uid="uid://4xpx8h5lerjn" path="res://Scenes/checkpoint.tscn" id="20_i8bwm"]

[sub_resource type="ProceduralSkyMaterial" id="ProceduralSkyMaterial_p7ssk"]
sky_top_color = Color(0.09900149, 0.33102834, 0.7272923, 1)
sky_horizon_color = Color(0.9488835, 0.5877461, 0.7866848, 1)

[sub_resource type="Sky" id="Sky_e4kat"]
sky_material = SubResource("ProceduralSkyMaterial_p7ssk")

[sub_resource type="Environment" id="Environment_ha38h"]
background_mode = 2
sky = SubResource("Sky_e4kat")

[sub_resource type="StandardMaterial3D" id="StandardMaterial3D_fvcit"]
albedo_color = Color(0.10383082, 0.0881424, 0.34969574, 1)

[sub_resource type="PlaneMesh" id="PlaneMesh_3cvh8"]
material = SubResource("StandardMaterial3D_fvcit")
size = Vector2(100, 100)

[sub_resource type="BoxShape3D" id="BoxShape3D_n8u0m"]
size = Vector3(100, 1, 100)

[sub_resource type="StandardMaterial3D" id="StandardMaterial3D_es7gv"]
transparency = 1
depth_draw_mode = 1
albedo_color = Color(0.16470589, 0.40784314, 0.45882353, 0.6431373)

[sub_resource type="PlaneMesh" id="PlaneMesh_lt4at"]
material = SubResource("StandardMaterial3D_es7gv")
size = Vector2(4.25, 1.75)

[sub_resource type="BoxShape3D" id="BoxShape3D_45o00"]
size = Vector3(4.25, 0.25, 1.75)

[sub_resource type="BoxMesh" id="BoxMesh_vgdfs"]
size = Vector3(9, 9, 0.5)

[sub_resource type="BoxShape3D" id="BoxShape3D_f7i5e"]

[sub_resource type="BoxShape3D" id="BoxShape3D_1sn8i"]
size = Vector3(1.5, 0.25, 3.5)

[sub_resource type="BoxShape3D" id="BoxShape3D_qdi3s"]
size = Vector3(4, 0.625, 1)

[sub_resource type="BoxShape3D" id="BoxShape3D_jinqq"]
size = Vector3(3.625, 3.875, 1)

[sub_resource type="BoxShape3D" id="BoxShape3D_upo7m"]
size = Vector3(3.625, 4.875, 1)

[sub_resource type="CylinderShape3D" id="CylinderShape3D_ns21y"]
height = 9.0
radius = 3.0

[sub_resource type="BoxShape3D" id="BoxShape3D_ueaie"]
size = Vector3(1.5469971, 5, 0.74694824)

[sub_resource type="BoxShape3D" id="BoxShape3D_fvcit"]
size = Vector3(1.5, 2.5, 0.375)

[sub_resource type="BoxShape3D" id="BoxShape3D_2fw8m"]
size = Vector3(1.5, 3.7598877, 0.375)

[node name="dungeon_level" type="Node3D" unique_id=2069928860]
script = ExtResource("1_upo7m")

[node name="respawn_screen" parent="." unique_id=1416484855 instance=ExtResource("2_a2ni8")]

[node name="HUD" parent="." unique_id=973048632 instance=ExtResource("2_ns21y")]

[node name="collectible_win_screen" parent="." unique_id=1765468864 instance=ExtResource("3_a2ni8")]

[node name="WorldEnvironment" type="WorldEnvironment" parent="." unique_id=1151782595]
environment = SubResource("Environment_ha38h")

[node name="Floor" type="StaticBody3D" parent="." unique_id=1185957803]
collision_layer = 2

[node name="MeshInstance3D" type="MeshInstance3D" parent="Floor" unique_id=1696175971]
mesh = SubResource("PlaneMesh_3cvh8")

[node name="CollisionShape3D" type="CollisionShape3D" parent="Floor" unique_id=252843645]
shape = SubResource("BoxShape3D_n8u0m")

[node name="oubliette" parent="." unique_id=1772476226 instance=ExtResource("2_ha38h")]
transform = Transform3D(1, 0, 0, 0, 1, 0, 0, 0, 1, 0, 0.875, -0.75)

[node name="WaterPlanes" type="Node3D" parent="." unique_id=1759430759]
transform = Transform3D(1, 0, 0, 0, 1, 0, 0, 0, 1, 0, 0, 0.75)

[node name="water_plane" parent="WaterPlanes" unique_id=59753676 instance=ExtResource("3_3cvh8")]
transform = Transform3D(1, 0, 0, 0, 1, 0, 0, 0, 1, 0, 3, 2.75)

[node name="MeshInstance3D" parent="WaterPlanes/water_plane" index="0" unique_id=2081701986]
transform = Transform3D(1, 0, 0, 0, 1, 0, 0, 0, 1, 0, 0, -0.625)
mesh = SubResource("PlaneMesh_lt4at")

[node name="CollisionShape3D" parent="WaterPlanes/water_plane" index="1" unique_id=1360026806]
transform = Transform3D(1, 0, 0, 0, 1, 0, 0, 0, 1, 0, -0.125, -0.625)
shape = SubResource("BoxShape3D_45o00")

[node name="water_plane2" parent="WaterPlanes" unique_id=1195022719 instance=ExtResource("3_3cvh8")]
transform = Transform3D(1, 0, 0, 0, 1, 0, 0, 0, 1, 3.625, 3, -1.5)

[node name="water_plane3" parent="WaterPlanes" unique_id=1319952782 instance=ExtResource("3_3cvh8")]
transform = Transform3D(1, 0, 0, 0, 1, 0, 0, 0, 1, 3.625, 3, 1.5)

[node name="water_plane4" parent="WaterPlanes" unique_id=1214244085 instance=ExtResource("3_3cvh8")]
transform = Transform3D(1, 0, 0, 0, 1, 0, 0, 0, 1, 3, 3, -4.5)

[node name="water_plane5" parent="WaterPlanes" unique_id=1024029598 instance=ExtResource("3_3cvh8")]
transform = Transform3D(1, 0, 0, 0, 1, 0, 0, 0, 1, 0, 3, -4.5)

[node name="water_plane6" parent="WaterPlanes" unique_id=765410867 instance=ExtResource("3_3cvh8")]
transform = Transform3D(1, 0, 0, 0, 1, 0, 0, 0, 1, -3, 3, -4.5)

[node name="water_plane9" parent="WaterPlanes" unique_id=1827372363 instance=ExtResource("3_3cvh8")]
transform = Transform3D(1, 0, 0, 0, 1, 0, 0, 0, 1, 3, 3, -7.5)

[node name="water_plane10" parent="WaterPlanes" unique_id=677815324 instance=ExtResource("3_3cvh8")]
transform = Transform3D(1, 0, 0, 0, 1, 0, 0, 0, 1, 0, 3, -7.5)

[node name="water_plane11" parent="WaterPlanes" unique_id=49881245 instance=ExtResource("3_3cvh8")]
transform = Transform3D(1, 0, 0, 0, 1, 0, 0, 0, 1, -3, 3, -7.5)

[node name="water_plane12" parent="WaterPlanes" unique_id=573496971 instance=ExtResource("3_3cvh8")]
transform = Transform3D(1, 0, 0, 0, 1, 0, 0, 0, 1, 3, 3, -10.5)

[node name="water_plane13" parent="WaterPlanes" unique_id=597496682 instance=ExtResource("3_3cvh8")]
transform = Transform3D(1, 0, 0, 0, 1, 0, 0, 0, 1, 0, 3, -10.5)

[node name="water_plane14" parent="WaterPlanes" unique_id=759908481 instance=ExtResource("3_3cvh8")]
transform = Transform3D(1, 0, 0, 0, 1, 0, 0, 0, 1, -3, 3, -10.5)

[node name="water_plane15" parent="WaterPlanes" unique_id=1183871550 instance=ExtResource("3_3cvh8")]
transform = Transform3D(1, 0, 0, 0, 1, 0, 0, 0, 1, 3, 3, -13.5)

[node name="water_plane33" parent="WaterPlanes" unique_id=1028343517 instance=ExtResource("3_3cvh8")]
transform = Transform3D(1, 0, 0, 0, 1, 0, 0, 0, 1, 6, 3, -7.5)

[node name="water_plane34" parent="WaterPlanes" unique_id=1347499479 instance=ExtResource("3_3cvh8")]
transform = Transform3D(1, 0, 0, 0, 1, 0, 0, 0, 1, 6, 3, -10.5)

[node name="water_plane35" parent="WaterPlanes" unique_id=106852432 instance=ExtResource("3_3cvh8")]
transform = Transform3D(1, 0, 0, 0, 1, 0, 0, 0, 1, 6, 3, -13.5)

[node name="water_plane36" parent="WaterPlanes" unique_id=1873467045 instance=ExtResource("3_3cvh8")]
transform = Transform3D(1, 0, 0, 0, 1, 0, 0, 0, 1, 9, 3, -7.5)

[node name="water_plane37" parent="WaterPlanes" unique_id=1293139257 instance=ExtResource("3_3cvh8")]
transform = Transform3D(1, 0, 0, 0, 1, 0, 0, 0, 1, 9, 3, -10.5)

[node name="water_plane38" parent="WaterPlanes" unique_id=1727861704 instance=ExtResource("3_3cvh8")]
transform = Transform3D(1, 0, 0, 0, 1, 0, 0, 0, 1, 9, 3, -13.5)

[node name="water_plane16" parent="WaterPlanes" unique_id=1763064429 instance=ExtResource("3_3cvh8")]
transform = Transform3D(1, 0, 0, 0, 1, 0, 0, 0, 1, 0, 3, -13.5)

[node name="water_plane17" parent="WaterPlanes" unique_id=1496721119 instance=ExtResource("3_3cvh8")]
transform = Transform3D(1, 0, 0, 0, 1, 0, 0, 0, 1, -3, 3, -13.5)

[node name="water_plane27" parent="WaterPlanes" unique_id=1206929133 instance=ExtResource("3_3cvh8")]
transform = Transform3D(1, 0, 0, 0, 1, 0, 0, 0, 1, -6, 3, -7.5)

[node name="water_plane28" parent="WaterPlanes" unique_id=1723123173 instance=ExtResource("3_3cvh8")]
transform = Transform3D(1, 0, 0, 0, 1, 0, 0, 0, 1, -6, 3, -10.5)

[node name="water_plane29" parent="WaterPlanes" unique_id=1589176356 instance=ExtResource("3_3cvh8")]
transform = Transform3D(1, 0, 0, 0, 1, 0, 0, 0, 1, -6, 3, -13.5)

[node name="water_plane30" parent="WaterPlanes" unique_id=230038912 instance=ExtResource("3_3cvh8")]
transform = Transform3D(1, 0, 0, 0, 1, 0, 0, 0, 1, -9, 3, -7.5)

[node name="water_plane31" parent="WaterPlanes" unique_id=272869305 instance=ExtResource("3_3cvh8")]
transform = Transform3D(1, 0, 0, 0, 1, 0, 0, 0, 1, -9, 3, -10.5)

[node name="water_plane32" parent="WaterPlanes" unique_id=1640982822 instance=ExtResource("3_3cvh8")]
transform = Transform3D(1, 0, 0, 0, 1, 0, 0, 0, 1, -9, 3, -13.5)

[node name="water_plane18" parent="WaterPlanes" unique_id=1951493371 instance=ExtResource("3_3cvh8")]
transform = Transform3D(1, 0, 0, 0, 1, 0, 0, 0, 1, 3, 3, -16.5)

[node name="water_plane19" parent="WaterPlanes" unique_id=634265217 instance=ExtResource("3_3cvh8")]
transform = Transform3D(1, 0, 0, 0, 1, 0, 0, 0, 1, 0, 3, -16.5)

[node name="water_plane20" parent="WaterPlanes" unique_id=1477556715 instance=ExtResource("3_3cvh8")]
transform = Transform3D(1, 0, 0, 0, 1, 0, 0, 0, 1, -3, 3, -16.5)

[node name="water_plane21" parent="WaterPlanes" unique_id=1829397737 instance=ExtResource("3_3cvh8")]
transform = Transform3D(1, 0, 0, 0, 1, 0, 0, 0, 1, 3, 3, -19.5)

[node name="water_plane22" parent="WaterPlanes" unique_id=728169501 instance=ExtResource("3_3cvh8")]
transform = Transform3D(1, 0, 0, 0, 1, 0, 0, 0, 1, 0, 3, -19.5)

[node name="water_plane23" parent="WaterPlanes" unique_id=199403243 instance=ExtResource("3_3cvh8")]
transform = Transform3D(1, 0, 0, 0, 1, 0, 0, 0, 1, -3, 3, -19.5)

[node name="water_plane39" parent="WaterPlanes" unique_id=2035575837 instance=ExtResource("3_3cvh8")]
transform = Transform3D(1, 0, 0, 0, 1, 0, 0, 0, 1, 3, 3, -22.5)

[node name="water_plane40" parent="WaterPlanes" unique_id=1323758480 instance=ExtResource("3_3cvh8")]
transform = Transform3D(1, 0, 0, 0, 1, 0, 0, 0, 1, 0, 3, -22.5)

[node name="water_plane41" parent="WaterPlanes" unique_id=1356522585 instance=ExtResource("3_3cvh8")]
transform = Transform3D(1, 0, 0, 0, 1, 0, 0, 0, 1, -3, 3, -22.5)

[node name="water_plane42" parent="WaterPlanes" unique_id=889643832 instance=ExtResource("3_3cvh8")]
transform = Transform3D(1, 0, 0, 0, 1, 0, 0, 0, 1, 3, 3, -25.5)

[node name="water_plane43" parent="WaterPlanes" unique_id=1301537105 instance=ExtResource("3_3cvh8")]
transform = Transform3D(0.99999595, -0.0011692571, -0.0026011774, 0.0011640269, 0.9999973, -0.002014317, 0.0026035223, 0.0020112859, 0.99999464, 0, 3, -25.5)

[node name="water_plane44" parent="WaterPlanes" unique_id=25187398 instance=ExtResource("3_3cvh8")]
transform = Transform3D(1, 0, 0, 0, 1, 0, 0, 0, 1, -3, 3, -25.5)

[node name="water_plane45" parent="WaterPlanes" unique_id=1067870190 instance=ExtResource("3_3cvh8")]
transform = Transform3D(0.99999595, -0.0011692571, -0.0026011774, 0.0011640269, 0.9999973, -0.002014317, 0.0026035223, 0.0020112859, 0.99999464, 0, 3, -28.5)

[node name="water_plane46" parent="WaterPlanes" unique_id=1823208394 instance=ExtResource("3_3cvh8")]
transform = Transform3D(1, 0, 0, 0, 1, 0, 0, 0, 1, -3, 3, -28.5)

[node name="water_plane7" parent="WaterPlanes" unique_id=791554815 instance=ExtResource("3_3cvh8")]
transform = Transform3D(1, 0, 0, 0, 1, 0, 0, 0, 1, -3.625, 3, -1.5)

[node name="water_plane8" parent="WaterPlanes" unique_id=1513353072 instance=ExtResource("3_3cvh8")]
transform = Transform3D(1, 0, 0, 0, 1, 0, 0, 0, 1, -3.625, 3, 1.5)

[node name="water_plane24" parent="WaterPlanes" unique_id=485941642 instance=ExtResource("3_3cvh8")]
transform = Transform3D(1, 0, 0, 0, 1, 0, 0, 0, 1, 0, 3, 4.5)

[node name="water_plane25" parent="WaterPlanes" unique_id=1998274311 instance=ExtResource("3_3cvh8")]
transform = Transform3D(1, 0, 0, 0, 1, 0, 0, 0, 1, 3, 3, 4.5)

[node name="water_plane26" parent="WaterPlanes" unique_id=215842317 instance=ExtResource("3_3cvh8")]
transform = Transform3D(1, 0, 0, 0, 1, 0, 0, 0, 1, -3, 3, 4.5)

[node name="Walls" type="Node3D" parent="." unique_id=556324659]
metadata/_edit_group_ = true
metadata/_edit_lock_ = true

[node name="side_wall" parent="Walls" unique_id=2072426151 instance=ExtResource("4_n8u0m")]
transform = Transform3D(1, 0, 0, 0, 1, 0, 0, 0, 1, -4.75, 4.5, -1)

[node name="side_wall5" parent="Walls" unique_id=1568138120 instance=ExtResource("4_n8u0m")]
transform = Transform3D(1, 0, 0, 0, 1, 0, 0, 0, 1, -4.75, 4.5, 8)

[node name="side_wall12" parent="Walls" unique_id=2085987216 instance=ExtResource("4_n8u0m")]
transform = Transform3D(-4.371139e-08, 0, 1, 0, 1, 0, -1, 0, -4.371139e-08, 0, 13.5, 6.75)

[node name="wall_curved" parent="Walls" unique_id=1400136530 instance=ExtResource("6_vgdfs")]
transform = Transform3D(1, 0, 0, 0, 1, 0, 0, 0, 1, -6, 4.5, -10)

[node name="wall_curved2" parent="Walls" unique_id=1478764954 instance=ExtResource("6_vgdfs")]
transform = Transform3D(-1, 0, -8.742278e-08, 0, 1, 0, 8.742278e-08, 0, -1, 6, 4.5, -10)

[node name="side_wall3" parent="Walls" unique_id=969113557 instance=ExtResource("4_n8u0m")]
transform = Transform3D(1, 0, 0, 0, 1, 0, 0, 0, 1, -4.75, 4.5, -19)

[node name="side_wall4" parent="Walls" unique_id=1786117607 instance=ExtResource("4_n8u0m")]
transform = Transform3D(1, 0, 0, 0, 1, 0, 0, 0, 1, -4.75, 4.5, -28)

[node name="side_wall6" parent="Walls" unique_id=759561314 instance=ExtResource("4_n8u0m")]
transform = Transform3D(1, 0, 0, 0, 1, 0, 0, 0, 1, 4.75, 4.5, -1)

[node name="side_wall7" parent="Walls" unique_id=628109449 instance=ExtResource("4_n8u0m")]
transform = Transform3D(1, 0, 0, 0, 1, 0, 0, 0, 1, 4.75, 4.5, 8)

[node name="side_wall9" parent="Walls" unique_id=1230014642 instance=ExtResource("4_n8u0m")]
transform = Transform3D(1, 0, 0, 0, 1, 0, 0, 0, 1, 4.75, 4.5, -19)

[node name="side_wall10" parent="Walls" unique_id=896990151 instance=ExtResource("4_n8u0m")]
transform = Transform3D(1, 0, 0, 0, 1, 0, 0, 0, 1, 4.75, 4.5, -28)

[node name="back_wall" type="StaticBody3D" parent="Walls" unique_id=1534506390]
transform = Transform3D(1, 0, 0, 0, 1, 0, 0, 0, 1, 0, 0, 7.25)

[node name="MeshInstance3D" type="MeshInstance3D" parent="Walls/back_wall" unique_id=685346818]
transform = Transform3D(1, 0, 0, 0, 1, 0, 0, 0, 1, 0, 4.5, -0.5)
material_override = ExtResource("9_fvcit")
mesh = SubResource("BoxMesh_vgdfs")

[node name="CollisionShape3D" type="CollisionShape3D" parent="Walls/back_wall" unique_id=959934795]
shape = SubResource("BoxShape3D_f7i5e")

[node name="wall_pillar" parent="Walls" unique_id=1635381137 instance=ExtResource("5_f7i5e")]
transform = Transform3D(1, 0, 0, 0, 1, 0, 0, 0, 1, -4.9427385, 0.5, -6.0071917)

[node name="wall_pillar2" parent="Walls" unique_id=535488002 instance=ExtResource("5_f7i5e")]
transform = Transform3D(1, 0, 0, 0, 1, 0, 0, 0, 1, -4.9427385, 0.5, -14.007192)

[node name="wall_pillar3" parent="Walls" unique_id=2056685628 instance=ExtResource("5_f7i5e")]
transform = Transform3D(1, 0, 0, 0, 1, 0, 0, 0, 1, 4.9322615, 0.5, -14.007192)

[node name="wall_pillar4" parent="Walls" unique_id=48228794 instance=ExtResource("5_f7i5e")]
transform = Transform3D(1, 0, 0, 0, 1, 0, 0, 0, 1, 4.9322615, 0.5, -6.0071917)

[node name="Roofs" type="Node3D" parent="." unique_id=1455176719]
metadata/_edit_group_ = true
metadata/_edit_lock_ = true

[node name="roof" parent="Roofs" unique_id=2097236321 instance=ExtResource("5_66i6n")]
transform = Transform3D(1, 0, 0, 0, 1, 0, 0, 0, 1, 0, 9, -1)

[node name="roof5" parent="Roofs" unique_id=1312747022 instance=ExtResource("5_66i6n")]
transform = Transform3D(1, 0, 0, 0, 1, 0, 0, 0, 1, 0, 9, 8)

[node name="roof2" parent="Roofs" unique_id=1760541639 instance=ExtResource("5_66i6n")]
transform = Transform3D(1, 0, 0, 0, 1, 0, 0, 0, 1, 0, 9, -10)
visible = false

[node name="roof_modified" parent="Roofs" unique_id=1520669535 instance=ExtResource("6_3vtai")]
transform = Transform3D(1, 0, 0, 0, 1, 0, 0, 0, 1, 0, 9, -10)

[node name="roof3" parent="Roofs" unique_id=514607065 instance=ExtResource("5_66i6n")]
transform = Transform3D(1, 0, 0, 0, 1, 0, 0, 0, 1, 0, 9, -19)

[node name="roof4" parent="Roofs" unique_id=684375417 instance=ExtResource("5_66i6n")]
transform = Transform3D(1, 0, 0, 0, 1, 0, 0, 0, 1, 0, 9, -28)

[node name="Arches" type="Node3D" parent="." unique_id=1924441341]
metadata/_edit_group_ = true
metadata/_edit_lock_ = true

[node name="arch" parent="Arches" unique_id=1328309220 instance=ExtResource("6_4p3mm")]
transform = Transform3D(1, 0, 0, 0, 1, 0, 0, 0, 1, 0, 9, -5)

[node name="arch3" parent="Arches" unique_id=315218588 instance=ExtResource("6_4p3mm")]
transform = Transform3D(1, 0, 0, 0, 1, 0, 0, 0, 1, 0, 9, 5.5)

[node name="arch2" parent="Arches" unique_id=807459249 instance=ExtResource("6_4p3mm")]
transform = Transform3D(1, 0, 0, 0, 1, 0, 0, 0, 1, 0, 9, -15.5)

[node name="EndPlatform" type="Node3D" parent="." unique_id=2126368457]
transform = Transform3D(1, 0, 0, 0, 1, 0, 0, 0, 1, 0, 3, -25.20263)

[node name="EndPlatform" type="StaticBody3D" parent="EndPlatform" unique_id=745904705]

[node name="stairs_unit" parent="EndPlatform/EndPlatform" unique_id=784265451 instance=ExtResource("10_qdi3s")]
transform = Transform3D(-4.371139e-08, 0, -1, 0, 1, 0, 1, 0, -4.371139e-08, 2.25, 0.25, 1.5776291)

[node name="stairs_unit2" parent="EndPlatform/EndPlatform" unique_id=1141676668 instance=ExtResource("10_qdi3s")]
transform = Transform3D(-4.371139e-08, 0, -1, 0, 1, 0, 1, 0, -4.371139e-08, 2.25, 0.625, 0.8276291)

[node name="stairs_unit3" parent="EndPlatform/EndPlatform" unique_id=279810428 instance=ExtResource("10_qdi3s")]
transform = Transform3D(0.38166738, 0, -0.92429984, 0, 1, 0, 0.92429984, 0, 0.38166738, 2.1212497, 1, 0.06292915)

[node name="stairs_unit4" parent="EndPlatform/EndPlatform" unique_id=1198164258 instance=ExtResource("10_qdi3s")]
transform = Transform3D(0.7071067, 0, -0.7071068, 0, 1, 0, 0.7071068, 0, 0.7071067, 1.625, 1.375, -0.6723709)

[node name="stairs_unit5" parent="EndPlatform/EndPlatform" unique_id=1950816356 instance=ExtResource("10_qdi3s")]
transform = Transform3D(0.7046466, 0, -0.7095586, 0, 1, 0, 0.7095586, 0, 0.7046466, 1.075018, 1.75, -1.2150154)

[node name="stairs_unit6" parent="EndPlatform/EndPlatform" unique_id=321458692 instance=ExtResource("10_qdi3s")]
transform = Transform3D(0.49999994, 0, -0.86602557, 0, 1, 0, 0.86602557, 0, 0.49999994, 0.5, 2.125, -1.7973709)

[node name="stairs_unit7" parent="EndPlatform/EndPlatform" unique_id=1813637911 instance=ExtResource("10_qdi3s")]
transform = Transform3D(0.25881892, 0, -0.965926, 0, 1, 0, 0.965926, 0, 0.25881892, 0.25, 2.5, -2.422371)

[node name="stairs_unit8" parent="EndPlatform/EndPlatform" unique_id=160642515 instance=ExtResource("10_qdi3s")]
transform = Transform3D(0.25881892, 0, -0.965926, 0, 1, 0, 0.965926, 0, 0.25881892, 0.06880954, 2.875, -3.1107407)

[node name="stairs_unit9" parent="EndPlatform/EndPlatform" unique_id=1778599910 instance=ExtResource("10_qdi3s")]
transform = Transform3D(-1.4901161e-07, 0, -1.0000001, 0, 1, 0, 1.0000001, 0, -1.4901161e-07, -0.05619046, 3.25, -3.8607407)

[node name="CSGCombiner3D" type="CSGCombiner3D" parent="EndPlatform/EndPlatform" unique_id=152406113]
material_override = ExtResource("9_fvcit")

[node name="CSGBox3D2" type="CSGBox3D" parent="EndPlatform/EndPlatform/CSGCombiner3D" unique_id=625859475]
transform = Transform3D(1, 0, 0, 0, 1, 0, 0, 0, 1, 2.25, 0.0625, 2.25)
size = Vector3(1.5, 0.375, 3.5)

[node name="CSGBox3D3" type="CSGBox3D" parent="EndPlatform/EndPlatform/CSGCombiner3D" unique_id=181856698]
transform = Transform3D(1, 0, 0, 0, 1, 0, 0, 0, 1, 0, 3.8125, -6.375)
size = Vector3(9, 13.625, 1)

[node name="CSGBox3D4" type="CSGBox3D" parent="EndPlatform/EndPlatform/CSGCombiner3D" unique_id=109513215]
transform = Transform3D(1, 0, 0, 0, 1, 0, 0, 0, 1, -1.0625, 2, -4.875)
size = Vector3(5.125, 3.5, 1.25)

[node name="CSGCylinder3D" type="CSGCylinder3D" parent="EndPlatform/EndPlatform/CSGCombiner3D" unique_id=1326310698]
transform = Transform3D(0.9659258, 0, 0.25881904, 0, 1, 0, -0.25881904, 0, 0.9659258, -0.5, 3.625, -0.625)
radius = 5.0
height = 15.0
sides = 12

[node name="CSGCylinder3D" type="CSGCylinder3D" parent="EndPlatform/EndPlatform/CSGCombiner3D/CSGCylinder3D" unique_id=885027727]
operation = 2
radius = 4.5
height = 15.0
sides = 12

[node name="CSGBox3D" type="CSGBox3D" parent="EndPlatform/EndPlatform/CSGCombiner3D/CSGCylinder3D" unique_id=132373874]
transform = Transform3D(0.96592706, 0, -0.2588193, 0, 1, 0, 0.2588193, 0, 0.96592706, -0.6360557, 0, 2.9589825)
operation = 2
size = Vector3(10, 15, 7.75)

[node name="CSGCylinder3D2" type="CSGCylinder3D" parent="EndPlatform/EndPlatform/CSGCombiner3D" unique_id=8197494]
transform = Transform3D(1, 0, 0, 0, 1, 0, 0, 0, 1, 4, 6.375, -4.125)
radius = 3.5
height = 15.0
sides = 10

[node name="CSGBox3D5" type="CSGBox3D" parent="EndPlatform/EndPlatform/CSGCombiner3D" unique_id=539036122]
transform = Transform3D(1, 0, 0, 0, 1, 0, 0, 0, 1, -2.9375, 0.375, -3.875)
size = Vector3(4.375, 6.75, 1)

[node name="CSGBox3D6" type="CSGBox3D" parent="EndPlatform/EndPlatform/CSGCombiner3D" unique_id=1956899623]
transform = Transform3D(0.9659258, 0, 0.25881904, 0, 1, 0, -0.25881904, 0, 0.9659258, -0.21811956, -0.0625, -3.1752625)
size = Vector3(1, 5.875, 1)

[node name="CSGBox3D14" type="CSGBox3D" parent="EndPlatform/EndPlatform/CSGCombiner3D" unique_id=219557399]
transform = Transform3D(0.9659258, 0, 0.25881904, 0, 1, 0, -0.25881904, 0, 0.9659258, -0.36782342, 0.3125, -3.7877636)
size = Vector3(1, 5.875, 1)

[node name="CSGBox3D7" type="CSGBox3D" parent="EndPlatform/EndPlatform/CSGCombiner3D" unique_id=1695847108]
transform = Transform3D(0.96478736, 0, 0.26303124, 0, 1, 0, -0.26303124, 0, 0.96478736, 0.013520181, -0.27941895, -2.3536854)
size = Vector3(1, 5.5, 1)

[node name="CSGBox3D8" type="CSGBox3D" parent="EndPlatform/EndPlatform/CSGCombiner3D" unique_id=1715784324]
transform = Transform3D(0.8676874, 0, 0.4971103, 0, 1, 0, -0.4971103, 0, 0.8676874, 0.28490287, -0.43267822, -1.673214)
size = Vector3(1, 5.125, 0.74694824)

[node name="CSGBox3D9" type="CSGBox3D" parent="EndPlatform/EndPlatform/CSGCombiner3D" unique_id=2014866799]
transform = Transform3D(0.6901376, 0, 0.72367823, 0, 1, 0, -0.72367823, 0, 0.6901376, 0.7164177, -0.43267822, -1.584919)
size = Vector3(1.5469971, 5.125, 0.74694824)

[node name="CSGBox3D10" type="CSGBox3D" parent="EndPlatform/EndPlatform/CSGCombiner3D" unique_id=782057164]
transform = Transform3D(0.6901376, 0, 0.72367823, 0, 1, 0, -0.72367823, 0, 0.6901376, 1.0914177, -0.6304016, -1.209919)
size = Vector3(1.5469971, 4.75, 0.74694824)

[node name="CSGBox3D11" type="CSGBox3D" parent="EndPlatform/EndPlatform/CSGCombiner3D" unique_id=506195394]
transform = Transform3D(0.6901376, 0, 0.72367823, 0, 1, 0, -0.72367823, 0, 0.6901376, 1.6429384, -0.8180084, -0.71042824)
size = Vector3(1.5469971, 4.375, 0.74694824)

[node name="CSGBox3D12" type="CSGBox3D" parent="EndPlatform/EndPlatform/CSGCombiner3D" unique_id=811873103]
transform = Transform3D(0.9319509, 0, 0.36258447, 0, 1, 0, -0.36258447, 0, 0.9319509, 1.8726927, -0.8180084, -0.47554588)
size = Vector3(1.5469971, 4.375, 0.74694824)

[node name="CSGBox3D13" type="CSGBox3D" parent="EndPlatform/EndPlatform/CSGCombiner3D" unique_id=388097939]
transform = Transform3D(0.99683326, 0, 0.079520434, 0, 1, 0, -0.079520434, 0, 0.99683326, 2.2114139, -1.002842, 0.17424202)
size = Vector3(1.5469971, 4, 0.74694824)

[node name="CollisionShape3D2" type="CollisionShape3D" parent="EndPlatform/EndPlatform" unique_id=17130437]
transform = Transform3D(1, 0, 0, 0, 1, 0, 0, 0, 1, 2.25, 0.125, 2.25)
shape = SubResource("BoxShape3D_1sn8i")

[node name="CollisionShape3D" type="CollisionShape3D" parent="EndPlatform/EndPlatform" unique_id=1377490791]
transform = Transform3D(1, 0, 0, 0, 1, 0, 0, 0, 1, -1.125, 3.4375, -4.75)
shape = SubResource("BoxShape3D_qdi3s")

[node name="CollisionShape3D3" type="CollisionShape3D" parent="EndPlatform/EndPlatform" unique_id=1151077622]
transform = Transform3D(1, 0, 0, 0, 1, 0, 0, 0, 1, -2.5625, 1.8125, -3.875)
shape = SubResource("BoxShape3D_jinqq")

[node name="CollisionShape3D4" type="CollisionShape3D" parent="EndPlatform/EndPlatform" unique_id=1593094483]
transform = Transform3D(1, 0, 0, 0, 1, 0, 0, 0, 1, -0.8125, 5.4375, -5.5)
shape = SubResource("BoxShape3D_upo7m")

[node name="CollisionShape3D5" type="CollisionShape3D" parent="EndPlatform/EndPlatform" unique_id=1500641515]
transform = Transform3D(0.8660254, 0, 0.5, 0, 1, 0, -0.5, 0, 0.8660254, -3.1875, 5.4375, -4.625)
shape = SubResource("BoxShape3D_upo7m")

[node name="CollisionShape3D6" type="CollisionShape3D" parent="EndPlatform/EndPlatform" unique_id=1359110136]
transform = Transform3D(1, 0, 0, 0, 1, 0, 0, 0, 1, 3.625, 3.5, -3.875)
shape = SubResource("CylinderShape3D_ns21y")

[node name="CollisionShape3D7" type="CollisionShape3D" parent="EndPlatform/EndPlatform" unique_id=753755886]
transform = Transform3D(0.69013757, 0, 0.72367823, 0, 1, 0, -0.72367823, 0, 0.69013757, 0.7164177, -0.49517822, -1.584919)
shape = SubResource("BoxShape3D_ueaie")

[node name="CollisionShape3D8" type="CollisionShape3D" parent="EndPlatform/EndPlatform" unique_id=841200750]
transform = Transform3D(0.95951575, 0, 0.28165492, 0, 1, 0, -0.28165492, 0, 0.95951575, -0.15858233, 0.7548218, -3.834919)
shape = SubResource("BoxShape3D_ueaie")

[node name="exit_door" parent="EndPlatform" unique_id=871154657 instance=ExtResource("11_jinqq")]
transform = Transform3D(1, 0, 0, 0, 1, 0, 0, 0, 1, -0.5, 4.875, -5.047371)

[node name="Lights" type="Node3D" parent="." unique_id=1351319199]
metadata/_edit_group_ = true
metadata/_edit_lock_ = true

[node name="SpotLight3D" type="SpotLight3D" parent="Lights" unique_id=1677960421]
transform = Transform3D(0.8816167, 2.0630296e-08, -0.47196618, 0.47196618, -3.8536687e-08, 0.8816167, 0, -1, -4.371139e-08, -2.639995, 8.667938, -0.09890294)
light_color = Color(0.8976902, 0.50411844, 0, 1)
light_energy = 16.0
spot_range = 10.0
spot_angle = 34.45365

[node name="SpotLight3D2" type="SpotLight3D" parent="Lights" unique_id=1969727854]
transform = Transform3D(0.9982066, 2.6167355e-09, -0.059863925, 0.059863925, -4.3632998e-08, 0.9982066, 0, -1, -4.3711395e-08, -0.25, 7.2781353, -0.125)
light_color = Color(0.8976902, 0.50411844, 0, 1)
light_energy = 20.0
light_indirect_energy = 1.065
spot_range = 13.731667
spot_angle = 15.87404

[node name="BlueWaterBounceLights" type="Node3D" parent="Lights" unique_id=1952998748]

[node name="OmniLight3D" type="OmniLight3D" parent="Lights/BlueWaterBounceLights" unique_id=825386944]
transform = Transform3D(1, 0, 0, 0, 1, 0, 0, 0, 1, 0, 7.760462, -1.8319108)
light_color = Color(0.26319999, 0.79336, 0.94, 1)
light_energy = 5.187
omni_range = 7.044

[node name="OmniLight3D3" type="OmniLight3D" parent="Lights/BlueWaterBounceLights" unique_id=1894658614]
transform = Transform3D(1, 0, 0, 0, 1, 0, 0, 0, 1, 0, 7.760462, -8.536605)
light_color = Color(0.26319999, 0.79336, 0.94, 1)
light_energy = 5.187
omni_range = 7.044

[node name="OmniLight3D6" type="OmniLight3D" parent="Lights/BlueWaterBounceLights" unique_id=1807403704]
transform = Transform3D(1, 0, 0, 0, 1, 0, 0, 0, 1, 5.193742, 8.507176, -9.821146)
light_color = Color(0.26319999, 0.79336, 0.94, 1)
light_energy = 5.187
omni_range = 6.715
omni_attenuation = 1.785

[node name="OmniLight3D7" type="OmniLight3D" parent="Lights/BlueWaterBounceLights" unique_id=1742817329]
transform = Transform3D(1, 0, 0, 0, 1, 0, 0, 0, 1, -5.0561748, 8.507176, -9.821146)
light_color = Color(0.26319999, 0.79336, 0.94, 1)
light_energy = 5.187
omni_range = 6.715
omni_attenuation = 1.785

[node name="OmniLight3D4" type="OmniLight3D" parent="Lights/BlueWaterBounceLights" unique_id=2409149]
transform = Transform3D(1, 0, 0, 0, 1, 0, 0, 0, 1, 0, 7.760462, -15.848726)
light_color = Color(0.26319999, 0.79336, 0.94, 1)
light_energy = 5.187
omni_range = 7.044

[node name="OmniLight3D5" type="OmniLight3D" parent="Lights/BlueWaterBounceLights" unique_id=48362314]
transform = Transform3D(1, 0, 0, 0, 1, 0, 0, 0, 1, 0, 8.644818, -22.116154)
light_color = Color(0.26319999, 0.79336, 0.94, 1)
light_energy = 5.187
omni_range = 5.664

[node name="OmniLight3D" type="OmniLight3D" parent="Lights" unique_id=787991368]
transform = Transform3D(1, 0, 0, 0, 1, 0, 0, 0, 1, -0.27140737, 4.2458544, -4.8621216)
light_color = Color(0.8976902, 0.50411844, 0, 1)
light_energy = 3.135
omni_range = 2.327

[node name="OmniLight3D2" type="OmniLight3D" parent="Lights" unique_id=460480528]
transform = Transform3D(1, 0, 0, 0, 1, 0, 0, 0, 1, -4.8694835, 4.4899683, -8.237204)
light_color = Color(1, 0.6887297, 0.4217365, 1)
light_energy = 2.235
omni_range = 2.327

[node name="OmniLight3D3" type="OmniLight3D" parent="Lights" unique_id=487396543]
transform = Transform3D(1, 0, 0, 0, 1, 0, 0, 0, 1, -3.0683486, 4.4899683, -12.834695)
light_color = Color(1, 0.6887297, 0.4217365, 1)
light_energy = 2.235
omni_range = 2.6758885

[node name="OmniLight3D4" type="OmniLight3D" parent="Lights" unique_id=1091861335]
transform = Transform3D(1, 0, 0, 0, 1, 0, 0, 0, 1, 3.411177, 4.4899683, -12.705807)
light_color = Color(1, 0.6887297, 0.4217365, 1)
light_energy = 2.235
omni_range = 2.6758885

[node name="OmniLight3D5" type="OmniLight3D" parent="Lights" unique_id=165907839]
transform = Transform3D(1, 0, 0, 0, 1, 0, 0, 0, 1, 2.3642786, 4.4899683, -21.695332)
light_color = Color(1, 0.6887297, 0.4217365, 1)
light_energy = 2.235
omni_range = 2.6758885

[node name="OmniLight3D6" type="OmniLight3D" parent="Lights" unique_id=262162230]
transform = Transform3D(1, 0, 0, 0, 1, 0, 0, 0, 1, -0.667613, 7.9918966, -28.433064)
light_color = Color(1, 0.6887297, 0.4217365, 1)
light_energy = 2.235
omni_range = 2.6758885

[node name="Lilypads" type="Node3D" parent="." unique_id=440360043]
metadata/_edit_group_ = true
metadata/_edit_lock_ = true

[node name="lilypad" parent="Lilypads" unique_id=197424431 instance=ExtResource("7_tldnm")]
transform = Transform3D(0.25881907, 0, -0.9659258, 0, 1, 0, 0.9659258, 0, 0.25881907, -0.367864, 3, -4.980961)

[node name="lilypad5" parent="Lilypads" unique_id=151158752 instance=ExtResource("7_tldnm")]
transform = Transform3D(-0.675, 0, 1.1691343, 0, 1, 0, -1.1691343, 0, -0.675, -3.125, 3, -13.375)

[node name="lilypad10" parent="Lilypads" unique_id=1046305955 instance=ExtResource("7_tldnm")]
transform = Transform3D(1.1691343, 0, 0.67499983, 0, 1, 0, -0.67499983, 0, 1.1691343, 4, 3, -12.5)

[node name="lilypad2" parent="Lilypads" unique_id=347292891 instance=ExtResource("7_tldnm")]
transform = Transform3D(0.1682324, 0, 0.6278518, 0, 1, 0, -0.6278518, 0, 0.1682324, 0.42722857, 3, -4.4589915)

[node name="lilypad6" parent="Lilypads" unique_id=1614400329 instance=ExtResource("7_tldnm")]
transform = Transform3D(0.65, 0, 1.4901161e-08, 0, 1, 0, -1.4901161e-08, 0, 0.65, -2.5727715, 3, -12.458992)

[node name="lilypad8" parent="Lilypads" unique_id=1157601883 instance=ExtResource("7_tldnm")]
transform = Transform3D(-0.6278518, 0, 0.16823241, 0, 1, 0, -0.16823241, 0, -0.6278518, 3.0522285, 3, -13.958992)

[node name="lilypad11" parent="Lilypads" unique_id=1957221079 instance=ExtResource("7_tldnm")]
transform = Transform3D(0.56291646, 0, -0.32500008, 0, 1, 0, 0.32500008, 0, 0.56291646, 5.6772285, 3, -10.333992)

[node name="lilypad9" parent="Lilypads" unique_id=1291073355 instance=ExtResource("7_tldnm")]
transform = Transform3D(0.325, 0, -0.5629165, 0, 1, 0, 0.5629165, 0, 0.325, 2.5522285, 3, -19.833992)

[node name="lilypad4" parent="Lilypads" unique_id=1613689141 instance=ExtResource("7_tldnm")]
transform = Transform3D(0.325, 0, -0.5629165, 0, 1, 0, 0.5629165, 0, 0.325, -2, 3, -6.125)

[node name="lilypad7" parent="Lilypads" unique_id=617888351 instance=ExtResource("7_tldnm")]
transform = Transform3D(-0.62785167, 0, -0.16823235, 0, 0.99999994, 0, 0.16823235, 0, -0.62785167, -2.75, 3, -7.875)

[node name="ShelfShrooms" type="Node3D" parent="." unique_id=130701688]
metadata/_edit_group_ = true
metadata/_edit_lock_ = true

[node name="shelf_mushroom" parent="ShelfShrooms" unique_id=1413824414 instance=ExtResource("11_1sn8i")]
transform = Transform3D(0.92777115, 0, 0.37314972, 0, 1, 0, -0.37314972, 0, 0.92777115, -7.625, 5.625, -8.25)

[node name="shelf_mushroom2" parent="ShelfShrooms" unique_id=1955516972 instance=ExtResource("11_1sn8i")]
transform = Transform3D(0.99273634, 0, 0.12031011, 0, 1, 0, -0.12031011, 0, 0.99273634, -7.875, 5.875, -9.375)

[node name="shelf_mushroom8" parent="ShelfShrooms" unique_id=366246962 instance=ExtResource("11_1sn8i")]
transform = Transform3D(0.9277712, 0, 0.37314975, 0, 1, 0, -0.37314975, 0, 0.9277712, -7.875, 8, -8.875)

[node name="shelf_mushroom3" parent="ShelfShrooms" unique_id=94487401 instance=ExtResource("11_1sn8i")]
transform = Transform3D(-0.78704274, 0, 0.61689854, 0, 1, 0, -0.61689854, 0, -0.78704274, -7.875, 7.625, -7.25)

[node name="shelf_mushroom4" parent="ShelfShrooms" unique_id=2067375844 instance=ExtResource("11_1sn8i")]
transform = Transform3D(0.61689854, 0, 0.78704274, 0, 1, 0, -0.78704274, 0, 0.61689854, -7.75, 6, -12.5)

[node name="shelf_mushroom5" parent="ShelfShrooms" unique_id=1879768591 instance=ExtResource("11_1sn8i")]
transform = Transform3D(-0.9198899, 0, 0.39217654, 0, 1, 0, -0.39217654, 0, -0.9198899, -8.125, 5.375, -10.375)

[node name="shelf_mushroom6" parent="ShelfShrooms" unique_id=2138657765 instance=ExtResource("11_1sn8i")]
transform = Transform3D(-0.6005598, 0, 0.7995798, 0, 1, 0, -0.7995798, 0, -0.6005598, -6.5, 6.75, -13.25)

[node name="shelf_mushroom9" parent="ShelfShrooms" unique_id=488445952 instance=ExtResource("11_1sn8i")]
transform = Transform3D(0.79957974, 0, 0.60055983, 0, 1, 0, -0.60055983, 0, 0.79957974, -5, 6, -13.75)

[node name="shelf_mushroom7" parent="ShelfShrooms" unique_id=1371979122 instance=ExtResource("11_1sn8i")]
transform = Transform3D(0.14072838, 0, 0.99004817, 0, 1, 0, -0.99004817, 0, 0.14072838, -8.25, 7.5, -11.5)

[node name="shelf_mushroom10" parent="ShelfShrooms" unique_id=772303808 instance=ExtResource("11_1sn8i")]
transform = Transform3D(0.9659258, 0, -0.25881904, 0, 1, 0, 0.25881904, 0, 0.9659258, 7.25, 5.5181384, -7.7887692)

[node name="shelf_mushroom11" parent="ShelfShrooms" unique_id=807543054 instance=ExtResource("11_1sn8i")]
transform = Transform3D(0.25881904, 0, 0.96592593, 0, 1, 0, -0.96592593, 0, 0.25881904, 8.125, 6, -8.625)

[node name="shelf_mushroom12" parent="ShelfShrooms" unique_id=1754670422 instance=ExtResource("11_1sn8i")]
transform = Transform3D(0.25881904, 0, 0.96592593, 0, 1, 0, -0.96592593, 0, 0.25881904, 7.375, 6.919777, -7.25)

[node name="shelf_mushroom13" parent="ShelfShrooms" unique_id=860619463 instance=ExtResource("11_1sn8i")]
transform = Transform3D(-0.96592593, 0, 0.25881895, 0, 1, 0, -0.25881895, 0, -0.96592593, 8, 7.5, -9.625)

[node name="shelf_mushroom16" parent="ShelfShrooms" unique_id=1087521358 instance=ExtResource("11_1sn8i")]
transform = Transform3D(-0.51381075, 0, -0.85790354, 0, 1, 0, 0.85790354, 0, -0.51381075, 7.9852753, 9.1557, -10.261024)

[node name="shelf_mushroom14" parent="ShelfShrooms" unique_id=1925959859 instance=ExtResource("11_1sn8i")]
transform = Transform3D(0.88547474, 0, 0.4646876, 0, 1, 0, -0.4646876, 0, 0.88547474, 7.5296497, 5.875, -11.88275)

[node name="shelf_mushroom15" parent="ShelfShrooms" unique_id=1554436342 instance=ExtResource("11_1sn8i")]
transform = Transform3D(0.92314994, 0, -0.38444018, 0, 1, 0, 0.38444018, 0, 0.92314994, 6.2572656, 4.375, -13.378023)

[node name="Barrels" type="Node3D" parent="." unique_id=983827985]
metadata/_edit_lock_ = true

[node name="floating_platform" parent="Barrels" unique_id=1464046690 instance=ExtResource("8_khf8t")]
transform = Transform3D(0.99999994, 0, 0, 0, 1, 0, 0, 0, 0.99999994, -4.875, 3, -8.125)

[node name="floating_platform2" parent="Barrels" unique_id=2132316167 instance=ExtResource("8_khf8t")]
transform = Transform3D(0.258819, 0, 0.9659257, 0, 1, 0, -0.9659257, 0, 0.258819, -0.5, 3, -12.75)

[node name="floating_platform3" parent="Barrels" unique_id=883545389 instance=ExtResource("8_khf8t")]
transform = Transform3D(0.70710665, 0, -0.70710665, 0, 1, 0, 0.70710665, 0, 0.70710665, 1.5, 3, -12)

[node name="floating_platform4" parent="Barrels" unique_id=551688451 instance=ExtResource("8_khf8t")]
transform = Transform3D(0.70710665, 0, -0.70710665, 0, 1, 0, 0.70710665, 0, 0.70710665, 5.75, 3, -8.375)

[node name="floating_platform5" parent="Barrels" unique_id=1860264643 instance=ExtResource("8_khf8t")]
transform = Transform3D(0.86602527, 0, 0.49999994, 0, 1, 0, -0.49999994, 0, 0.86602527, 1.625, 3, -16)

[node name="floating_platform6" parent="Barrels" unique_id=262851677 instance=ExtResource("8_khf8t")]
transform = Transform3D(0.70710665, 0, -0.70710665, 0, 1, 0, 0.70710665, 0, 0.70710665, 1.0352336, 3, -18.354113)

[node name="Vines" type="Node3D" parent="." unique_id=355218416]
metadata/_edit_group_ = true
metadata/_edit_lock_ = true

[node name="vine" parent="Vines" unique_id=632868339 instance=ExtResource("6_f7i5e")]
transform = Transform3D(-0.8660253, 0, 0.49999997, 0, 1, 0, -0.49999997, 0, -0.8660253, -6.625, 4.125, -7.125)

[node name="vine2" parent="Vines" unique_id=1020460606 instance=ExtResource("6_f7i5e")]
transform = Transform3D(1, 0, 0, 0, 1, 0, 0, 0, 1, 0, 1.875, -0.75)

[node name="CollisionShape3D" parent="Vines/vine2/Area3D" parent_id_path=PackedInt32Array(1020460606, 1200317447) index="0" unique_id=79552819]
transform = Transform3D(1, 0, 0, 0, 1, 0, 0, 0, 1, 0, 0.15792847, 0.0625)
shape = SubResource("BoxShape3D_fvcit")

[node name="CSGBox3D" parent="Vines/vine2/Area3D" parent_id_path=PackedInt32Array(1020460606, 1200317447) index="1" unique_id=1989857257]
transform = Transform3D(1, 0, 0, 0, 1, 0, 0, 0, 1, 0, 0.15673828, -0.0625)
size = Vector3(1.5, 2.6884766, 0.125)

[node name="vine3" parent="Vines" unique_id=807031244 instance=ExtResource("6_f7i5e")]
transform = Transform3D(-0.8660254, 0, -0.50000006, 0, 1, 0, 0.50000006, 0, -0.8660254, 6.375, 3.875, -6.875)

[node name="vine4" parent="Vines" unique_id=2091841367 instance=ExtResource("6_f7i5e")]
transform = Transform3D(0.25881904, 0, -0.9659258, 0, 1, 0, 0.9659258, 0, 0.25881904, 7.75, 5.5, -11.25)

